18
24
16
19
25
23
14
42
31
23
22
14
19
28
18
11
28
109
19
10
20
25
42
21
26
3
8
14
17
17
10
18
11
8
26
35
14
13
12
17
13
31
10
13
9
9
15
21
9
8
12
17
13
3
3
34
5
30
22
41
23
13
7
14
32
24
3
8
24
33
22
6
5
16
10
30
8
39
17
32
43
19
2
5
8
15
8
12
44
17
82
11
11
11
14
16
5
6
11
29
24
23
55
21
14
17
44
23
15
7
7
22
42
30
11
10
13
27
40
15
60
4
7
8
17
3
2
4
36
24
27
16
10
20
23
16
16
13
18
24
54
33
10
16
12
2
13
14
12
7
28
13
22
14
13
53
27
26
6
40
13
22
14
13
14
29
20
14
30
16
19
13
9
21
10
24
17
26
19
15
6
3
27
14
14
25
4
3
15
13
16
10
10
12
9
94
31
16
32
18
16
13
8
7
21
27
41
7
10
20
20
14
176
22
29
21
9
40
15
12
7
9
10
10
10
5
14
5
17
12
8
8
12
9
13
7
14
8
16
15
11
10
12
16
7
5
12
9
80
46
2
10
9
9
43
6
10
10
16
14
9
4
1
3
12
10
11
19
12
14
13
8
8
17
5
12
2
2
4
9
16
6
22
26
44
34
8
15
9
36
11
4
6
11
10
11
25
19
17
39
6
23
9
1
3
36
41
36
19
22
27
60
34
32
21
8
10
9
10
11
8
9
5
21
20
9
17
11
11
19
27
24
18
10
16
26
10
12
3
12
24
23
17
15
7
13
19
12
17
28
24
12
8
12
17
13
10
5
11
15
9
11
10
53
24
29
61
28
18
26
37
16
30
18
21
13
15
16
19
27
14
10
6
19
4
19
11
10
20
17
14
9
11
6
11
26
36
25
26
24
7
7
10
10
17
7
11
17
9
15
24
50
11
17
2
21
22
35
8
2
2
6
10
24
23
8
23
17
29
28
35
19
19
9
14
22
18
29
18
19
4
12
22
23
31
17
5
36
12
12
28
15
21
8
26
15
21
16
13
21
25
30
39
3
9
29
15
24
26
29
30
9
21
15
9
5
21
18
19
14
6
10
9
3
22
11
8
12
5
17
27
19
12
12
12
22
23
40
17
13
22
17
12
14
18
15
13
17
12
31
22
27
10
11
17
38
23
17
17
10
39
39
13
27
18
15
7
9
11
27
27
17
21
7
6
15
20
25
36
40
56
3
23
23
10
11
5
7
3
25
11
15
8
13
29
11
6
13
12
11
12
10
9
12
14
13
24
18
10
19
9
20
10
32
10
20
17
10
30
13
13
37
29
27
21
24
24
11
21
16
23
24
12
18
31
15
25
26
54
39
18
11
15
33
57
48
15
36
41
14
25
34
18
10
9
10
12
22
25
14
10
9
9
27
12
12
21
35
11
10
15
7
13
14
22
7
14
17
14
7
13
15
15
134
79
4
13
23
9
10
9
13
8
38
19
6
7
17
8
18
10
12
11
52
6
19
15
19
17
9
17
9
20
8
15
9
11
10
13
6
17
15
3
4
17
15
14
19
14
10
22
17
13
19
1
39
24
